LLWearable version 22
Fanboy Male Avatar

	permissions 0
	{
		base_mask	7fffffff
		owner_mask	7fffffff
		group_mask	00000000
		everyone_mask	00000000
		next_owner_mask	00082000
		creator_id	c2c8252c-15cb-4a9f-873b-ecad99eb2b46
		owner_id	c2c8252c-15cb-4a9f-873b-ecad99eb2b46
		last_owner_id	c2c8252c-15cb-4a9f-873b-ecad99eb2b46
		group_id	00000000-0000-0000-0000-000000000000
	}
	sale_info	0
	{
		sale_type	not
		sale_price	10
	}
type 0
parameters 82
1 -.09
2 .19
4 .38
5 .35
6 .48
7 -.17
8 -.24
10 .08
11 .44
12 -.08
13 .62
14 .61
15 .3
17 .28
18 1.5
19 -.25
20 .08
21 .1
22 .68
23 .04
24 .43
25 .53
27 .13
33 .71
34 -.15
35 .65
36 -.84
37 .16
38 -.02
80 1
105 .5
155 .42
157 .07
185 -.64
193 .43
196 -.8
505 .6
506 .44
507 0
515 -1
517 -.17
518 .6
629 .28
637 .1
646 .01
647 .46
649 .5
650 -.1
652 .5
653 .68
656 0
659 .56
662 .5
663 0
664 0
665 0
675 -.06
676 -.1
678 .55
682 .5
683 -.1
684 0
685 .22
690 .37
692 0
693 -.1
753 .17
756 -.3
758 -.75
759 .75
760 -.05
764 .2
765 -.3
769 .44
773 .56
795 .5
796 .01
799 .6
841 0
842 .4
879 -.13
880 -.55
textures 0
