LLWearable version 22
Renegade Musician Female

	permissions 0
	{
		base_mask	0008e000
		owner_mask	0008e000
		group_mask	00000000
		everyone_mask	00000000
		next_owner_mask	0008e000
		creator_id	285a8af7-7a1d-4608-8fb5-200b816e7ee1
		owner_id	285a8af7-7a1d-4608-8fb5-200b816e7ee1
		last_owner_id	285a8af7-7a1d-4608-8fb5-200b816e7ee1
		group_id	00000000-0000-0000-0000-000000000000
	}
	sale_info	0
	{
		sale_type	not
		sale_price	10
	}
type 0
parameters 82
1 .23
2 .22
4 .16
5 -.1
6 -.12
7 -.08
8 -.1
10 .16
11 .16
12 -.5
13 0
14 .17
15 0
17 -.17
18 .9
19 -.48
20 -.22
21 .01
22 0
23 0
24 .11
25 .33
27 -.62
33 -.15
34 .55
35 -.01
36 -.49
37 -.38
38 .3
80 0
105 .69
155 -.2
157 0
185 -.08
193 .42
196 -.29
505 .61
506 -.12
507 -.28
515 -1
517 -.05
518 .62
629 .5
637 0
646 .01
647 -.01
649 .41
650 -.02
652 .6
653 -.34
656 0
659 .64
662 .5
663 0
664 0
665 0
675 .01
676 -.04
678 .5
682 .6
683 -.08
684 .21
685 .4
690 .4
692 .32
693 .6
753 .62
756 0
758 -.36
759 .75
760 -.02
764 .21
765 0
769 .5
773 .5
795 .4
796 .01
799 .63
841 0
842 -.18
879 .02
880 -.3
textures 0
