LLWearable version 22
AviMarcV1

	permissions 0
	{
		base_mask	7fffffff
		owner_mask	7fffffff
		group_mask	7fffffff
		everyone_mask	7fffbfff
		next_owner_mask	7fffffff
		creator_id	00000000-0000-0000-0000-000000000000
		owner_id	88c6203e-33b7-4843-b2b9-902e42683025
		last_owner_id	88c6203e-33b7-4843-b2b9-902e42683025
		group_id	00000000-0000-0000-0000-000000000000
	}
	sale_info	0
	{
		sale_type	not
		sale_price	10
	}
type 0
parameters 82
1 -.3
2 -.5
4 -.32
5 -.1
6 -.3
7 .01
8 -.5
10 -.29
11 -.28
12 -.02
13 0
14 .63
15 .22
17 .25
18 -.14
19 -.55
20 -.2
21 .05
22 1
23 -.5
24 .42
25 -.2
27 -.02
33 1.74
34 .18
35 .11
36 .15
37 .28
38 .12
80 1
105 .61
155 .07
157 0
185 -.38
193 .6
196 -.95
505 .52
506 0
507 -.45
515 .92
517 .22
518 .06
629 .37
637 0
646 .13
647 .49
649 .43
650 -.3
652 .69
653 .05
656 0
659 .61
662 .5
663 0
664 0
665 .36
675 .01
676 -.31
678 .7
682 .75
683 -.02
684 -.14
685 -.13
690 .39
692 .3
693 .02
753 .41
756 .04
758 -.81
759 .27
760 .66
764 .78
765 .43
769 .36
773 .56
795 .48
796 .11
799 .44
841 0
842 .04
879 .9
880 -1.3
textures 0
